874 664
250 644
257 790
660 715
682 651
120 423
481 661
606 424
399 505
539 338
475 663
835 259
317 642
859 582
873 623
610 414
619 153
508 831
520 172
546 380
336 177
806 21
863 562
406 384
719 501
541 567
1 705
275 373
678 185
166 766
687 546
114 2
854 118
748 612
732 512
849 673
275 844
184 865
224 142
422 415
561 290
309 498
509 755
3 157
37 859
745 685
177 828
183 497
485 604
498 278
626 825
617 296
286 161
689 10
34 496
504 445
729 312
268 213
369 721
77 837
301 45
276 121
739 680
179 36
174 243
53 258
787 3
728 484
149 63
23 477
648 442
482 545
253 605
829 796
310 364
521 789
777 665
589 532
101 27
691 61
134 213
504 864
490 619
338 10
545 142
511 45
584 861
293 201
509 27
409 149
63 173
671 658
373 33
694 599
552 829
864 33
472 345
381 342
308 91
208 349
780 759
490 765
18 436
840 14
608 735
64 298
14 609
729 61
421 696
235 697
726 199
344 477
13 368
623 395
36 214
221 818
73 218
35 268
602 505
474 700
598 222
769 95
686 866
227 150
163 763
751 542
427 776
735 671
333 503
168 826
246 232
685 278
95 554
712 733
35 656
279 814
293 603
565 266
404 326
439 27
676 437
739 300
664 435
787 321
456 475
161 591
635 283
260 278
623 501
635 494
845 787
803 861
7 660
317 206
375 744
768 622
552 577
573 517
43 758
229 126
827 735
406 749
257 548
78 22
581 606
70 126
370 426
220 814
673 578
224 456
481 708
254 282
628 539
463 486
663 845
12 799
738 336
246 583
303 560
249 76
518 471
464 376
209 445
419 39
51 188
275 798
192 790
155 397
792 274
293 520
75 794
612 370
483 692
514 246
85 111
822 495
123 595
141 197
626 772
703 803
306 811
261 150
841 532
514 659
487 326
184 434
220 332
768 516
715 90
276 726
497 168
99 263
95 319
667 241
380 736
354 641
37 311
335 166
677 346
24 366
341 403
203 346
301 800
220 461
873 652
281 766
91 89
773 349
569 385
277 824
139 362
774 316
605 10
695 702
85 167
493 380
468 97
631 596
546 204
224 815
431 242
662 818
282 484
609 269
834 105
460 630
365 740
694 542
345 491
648 405
484 768
452 242
536 266
802 16
142 157
83 413
497 72
114 454
67 287
771 706
276 443
172 789
157 308
219 425
847 209
223 279
89 420
736 600
226 255
825 573
19 576
557 299
25 736
813 673
261 681
767 585
55 53
367 780
692 333
45 254
433 502
771 839
531 159
833 511
245 162
278 454
823 502
154 572
30 175
437 48
26 383
111 791
851 34
482 565
857 697
654 568
537 136
431 802
570 21
660 251
50 414
343 16
80 492
481 311
162 606
763 533
725 505
520 681
652 415
398 583
653 511
385 868
9 273
496 468
717 374
700 307
41 308
692 831
150 723
192 327
691 396
130 285
307 314
481 272
201 276
290 542
115 30
799 643
300 418
646 284
809 235
644 373
732 692
39 67
487 773
213 546
840 653
546 684
287 833
580 346
663 513
330 316
327 50
573 835
830 865
18 365
697 143
341 813
853 474
44 186
526 695
389 701
258 406
22 242
525 231
828 439
501 152
232 347
121 67
54 182
804 682
633 669
57 795
339 216
568 444
391 848
162 667
252 716
836 357
352 323
107 481
674 590
38 111
828 306
162 400
372 57
402 368
526 581
629 535
218 462
323 370
60 786
50 287
573 224
495 743
320 281
804 851
410 366
742 234
292 754
868 467
874 858
237 254
652 620
532 644
696 802
628 669
463 404
423 393
182 683
15 737
321 534
630 869
384 699
697 280
695 334
606 610
651 213
160 182
306 663
220 423
722 295
262 13
580 531
480 772
853 732
665 447
397 864
645 227
407 625
99 346
15 833
537 754
544 556
296 413
771 231
592 758
519 311
456 640
385 462
535 45
164 106
766 75
770 56
83 460
278 509
238 420
490 560
128 659
701 546
114 292
135 150
785 216
253 787
368 272
650 334
727 77
718 547
404 69
115 467
685 54
468 757
484 743
754 380
664 773
303 455
103 590
218 480
557 463
407 112
767 458
622 591
275 765
142 367
832 421
697 694
474 629
742 27
760 683
528 777
825 492
687 602
80 679
39 396
78 696
772 411
466 619
814 502
559 833
518 759
733 590
298 665
359 637
699 724
42 461
245 136
528 227
365 53
193 625
352 618
577 506
243 533
835 119
337 137
178 125
661 781
453 666
529 40
53 102
306 343
6 614
823 130
1 53
282 629
778 795
90 558
266 860
685 838
804 712
35 599
78 445
701 386
134 255
223 175
873 439
137 326
547 450
36 809
196 464
139 56
872 727
115 605
438 172
166 524
301 507
393 416
21 146
722 674
68 355
11 64
552 630
180 765
526 33
438 446
21 707
226 552
630 237
543 823
873 295
666 177
156 26
797 407
504 866
781 524
343 392
584 25
840 783
126 848
131 16
810 101
338 855
470 418
218 247
867 384
600 654
724 463
561 715
708 641
399 345
655 111
778 76
583 257
691 271
525 568
93 136
577 447
589 658
441 276
15 398
168 225
808 94
206 349
595 573
737 377
685 23
551 573
522 810
855 538
109 190
680 813
767 50
541 489
299 55
204 685
271 818
717 106
3 207
507 520
527 863
274 645
838 312
9 129
721 243
300 413
277 612
734 683
196 61
674 827
467 359
314 156
750 45
682 768
432 647
800 820
675 786
309 782
702 243
868 193
850 770
140 739
639 568
273 759
590 564
517 216
526 365
448 238
596 573
282 197
638 48
9 849
337 432
713 834
429 637
219 162
137 331
527 310
193 527
779 215
78 95
799 572
557 446
775 159
402 190
784 143
110 370
91 529
811 503
203 748
388 787
445 119
275 575
483 515
175 504
261 540
847 451
280 689
469 27
185 809
116 101
297 10
243 128
461 157
50 522
422 10
348 424
793 140
655 627
592 553
283 586
682 369
371 503
763 434
413 40
539 698
726 92
